
strategic_region={
	id=243
	name="STRATEGICREGION_243"
	provinces={
		215 216 233 277 289 294 304 318 323 331 342 358 360 386 406 535 560 3203 3219 3256 3267 3281 3293 3309 3331 3350 3366 3378 3392 3393 3496 3507 3556 3759 6220 6232 6233 6249 6280 6292 6306 6319 6326 6340 6344 6354 6359 6371 6373 6413 6415 6546 6556 6579 9236 9241 9247 9249 9288 9289 9304 9323 9341 9342 9359 9371 9396 9520 9554 11216 11220 11230 11241 11271 11285 11313 11322 11341 11355 11370 11383 11391 11453 11503 11528 13206 
	}
	weather={
	}
}
