
strategic_region={
	id=251
	name="STRATEGICREGION_251"
	provinces={
		8 39 57 70 71 79 85 95 104 110 117 126 150 152 172 181 187 194 226 320 333 344 2999 3053 3072 3084 3089 3101 3110 3120 3140 3142 3143 3176 3215 3321 3323 6022 6035 6057 6086 6095 6106 6122 6131 6139 6154 6169 6174 6197 6203 6225 6242 6245 6303 6324 6346 9046 9060 9082 9097 9098 9107 9111 9120 9144 9153 9164 9177 9184 9190 9197 9212 9234 9254 9256 9265 9319 9331 9333 9343 9408 11032 11048 11059 11068 11072 11080 11084 11097 11109 11139 11153 11154 11174 11186 11191 11202 11224 11250 11304 11315 11326 11349 11392 13129 
	}
	weather={
	}
}
