
strategic_region={
	id=253
	name="STRATEGICREGION_253"
	provinces={
		208 257 286 297 324 325 326 345 353 376 380 392 433 483 578 3196 3197 3221 3224 3246 3266 3269 3276 3282 3285 3303 3304 3315 3316 3317 3334 3343 3352 3360 3371 3372 3382 3383 3426 3465 3477 3578 6226 6248 6253 6291 6294 6299 6302 6307 6312 6327 6328 6329 6337 6343 6353 6357 6366 6370 6374 6382 6391 6394 6409 6410 6450 6492 6539 9244 9258 9259 9276 9286 9291 9298 9307 9324 9325 9326 9338 9344 9352 9354 9358 9360 9368 9373 9380 9389 9407 9409 9460 9564 11240 11243 11262 11269 11277 11292 11308 11309 11319 11324 11335 11344 11356 11364 11373 11375 11393 11394 11408 11449 11551 
	}
	weather={
	}
}
