
strategic_region={
	id=255
	name="STRATEGICREGION_255"
	provinces={
		783 800 810 814 836 846 861 881 887 892 916 927 930 934 944 945 946 964 972 973 987 1150 1499 1508 1558 1567 1627 1638 3783 3791 3814 3828 3839 3849 3877 3881 3888 3895 3913 3929 3932 3934 3944 3947 3949 3955 3970 3978 4503 4514 4561 4572 4633 4642 6804 6806 6811 6837 6851 6852 6860 6868 6893 6898 6905 6910 6918 6937 6947 6951 6964 6981 6988 7523 7575 7591 7633 7652 7663 7812 9759 9766 9768 9781 9782 9788 9803 9831 9835 9841 9848 9854 9866 9873 9883 9885 9897 9905 9913 9927 9928 10331 10376 10426 10429 10433 10499 10503 11744 11764 11771 11781 11801 11808 11815 11823 11836 11850 11855 11862 11864 11886 11893 11903 11906 12337 12355 12412 12469 12478 12482 
	}
	weather={
	}
}
